[gd_scene load_steps=4 format=3 uid="uid://buv6ewuhxr0ig"]

[ext_resource type="Script" uid="uid://c8eoiktib2bkx" path="res://scripts/treeline.gd" id="1_571lw"]
[ext_resource type="PackedScene" uid="uid://b6i563xuepdsk" path="res://assets/sprites/pine.glb" id="1_fqmxm"]
[ext_resource type="PackedScene" uid="uid://cos8h5ege8a8g" path="res://assets/sprites/pine2.glb" id="2_571lw"]

[node name="Treeline" type="Node3D"]
script = ExtResource("1_571lw")

[node name="pine" parent="." instance=ExtResource("1_fqmxm")]
transform = Transform3D(0.6546561, 0.0039487723, -0.75591636, -0.001455962, 0.99999106, 0.0039628507, 0.7559252, -0.00149372, 0.65465623, 1.1804805, 1, 2.440979)

[node name="pine2" parent="." instance=ExtResource("1_fqmxm")]
transform = Transform3D(-0.98075473, 0, -0.19524431, 0, 1, 0, 0.19524431, 0, -0.98075473, -6.854, 0, 0)

[node name="pine3" parent="." instance=ExtResource("1_fqmxm")]
transform = Transform3D(0.3135284, 0, -0.9495788, 0, 1, 0, 0.9495788, 0, 0.3135284, -2.976, -1, -5)

[node name="pine4" parent="." instance=ExtResource("1_fqmxm")]
transform = Transform3D(-0.066482864, 0, -0.9977876, 0, 1, 0, 0.9977876, 0, -0.066482864, -15.534578, -4.1832047, 0)

[node name="pine5" parent="." instance=ExtResource("1_fqmxm")]
transform = Transform3D(1, 0, 0, 0, 1, 0, 0, 0, 1, -48.96946, 2.773735, 0)

[node name="pine6" parent="." instance=ExtResource("1_fqmxm")]
transform = Transform3D(-0.48058486, 0.090128504, -0.8723044, 0.043491393, 0.99593, 0.078940764, 0.8758691, -1.8585328e-09, -0.48254877, -27.778152, -1.9043751, 0)

[node name="pine7" parent="." instance=ExtResource("1_fqmxm")]
transform = Transform3D(0.7440399, 0.017887764, -0.66789556, -0.016022703, 0.9998316, 0.008928381, 0.6679429, 0.00405842, 0.7442013, 9.368921, -2.7294807, 2.1812153)

[node name="pine8" parent="." instance=ExtResource("1_fqmxm")]
transform = Transform3D(0.04577911, 0.044889607, -0.99794245, -0.007092809, 0.9989793, 0.04461087, 0.99892646, 0.0050359685, 0.046050772, 20.562464, 2.3975067, 0)

[node name="pine9" parent="." instance=ExtResource("1_fqmxm")]
transform = Transform3D(0.7307344, 0, -0.68266183, 0, 1, 0, 0.68266183, 0, 0.7307344, -40.340923, -1.8338146, -11.613922)

[node name="pine10" parent="." instance=ExtResource("1_fqmxm")]
transform = Transform3D(0.99969506, 0.024693899, 0, -0.024693899, 0.99969506, 0, 0, 0, 1, 27.592186, 2.3326912, 0)

[node name="pine11" parent="." instance=ExtResource("1_fqmxm")]
transform = Transform3D(0.21248469, 0, -0.9771644, 0, 1, 0, 0.9771644, 0, 0.21248469, 7.988241, -10.599434, -29.983398)

[node name="pine12" parent="." instance=ExtResource("1_fqmxm")]
transform = Transform3D(0.055455625, 0, -0.99846125, 0, 1, 0, 0.99846125, 0, 0.055455625, 34.462044, 0, 0)

[node name="pine13" parent="." instance=ExtResource("1_fqmxm")]
transform = Transform3D(-0.9977597, 0, 0.06690082, 0, 1, 0, -0.06690082, 0, -0.9977597, 26.816246, -6.4646835, -8.152069)

[node name="pine14" parent="." instance=ExtResource("1_fqmxm")]
transform = Transform3D(0.8687007, 0, 0.4953374, 0, 1, 0, -0.4953374, 0, 0.8687007, 0, -6.509659, -21.16092)

[node name="pine15" parent="." instance=ExtResource("1_fqmxm")]
transform = Transform3D(0.45759463, 0, -0.88916093, 0, 1, 0, 0.88916093, 0, 0.45759463, 51.73175, -6.166252, -9.440552)

[node name="pine16" parent="." instance=ExtResource("1_fqmxm")]
transform = Transform3D(-0.020576023, 0, -0.9997883, 0, 1, 0, 0.9997883, 0, -0.020576023, -36.154682, 0, 5.3873596)

[node name="pine17" parent="." instance=ExtResource("2_571lw")]
transform = Transform3D(1, 0, 0, 0, 1, 0, 0, 0, 1, -20.954538, 0, 0)

[node name="pine18" parent="." instance=ExtResource("2_571lw")]
transform = Transform3D(-0.7430164, 0, -0.6692734, 0, 1, 0, 0.6692734, 0, -0.7430164, 14.478081, -3.6488647, 0)

[node name="pine19" parent="." instance=ExtResource("2_571lw")]
transform = Transform3D(1, 0, 0, 0, 1, 0, 0, 0, 1, -18.818968, -5.587097, -9.338684)

[node name="pine20" parent="." instance=ExtResource("2_571lw")]
transform = Transform3D(0.5732819, 0.05775528, -0.8173201, -0.038378548, 0.9983105, 0.043625467, 0.81845886, 0.006357878, 0.5745298, -11.945984, -1.7659798, 3.9925537)

[node name="pine21" parent="." instance=ExtResource("2_571lw")]
transform = Transform3D(0.85070103, 0, -0.52564985, 0, 1, 0, 0.52564985, 0, 0.85070103, -33.75795, -5.035961, -10.478668)

[node name="pine22" parent="." instance=ExtResource("2_571lw")]
transform = Transform3D(0.066030115, 0, -0.99781764, 0, 1, 0, 0.99781764, 0, 0.066030115, -17.882828, -2.4389076, 21.448639)

[node name="pine23" parent="." instance=ExtResource("2_571lw")]
transform = Transform3D(0.56750566, -0.13196424, -0.8127254, 0.114607126, 0.9901243, -0.080741614, 0.8153543, -0.047322813, 0.5770252, 24.909523, 1.9957829, 29.847168)

[node name="pine24" parent="." instance=ExtResource("2_571lw")]
transform = Transform3D(0.986222, 0.09999704, -0.13178283, -0.09911608, 0.9949877, 0.013244279, 0.13244672, 2.0730706e-09, 0.99119025, 32.183407, 2.146019, 19.865143)

[node name="pine25" parent="." instance=ExtResource("2_571lw")]
transform = Transform3D(0.9820666, -0.18027881, -0.055181157, 0.17999493, 0.9836157, -0.010113701, 0.056100335, -4.6420345e-10, 0.99842536, -20.17057, 8.53933, 44.337646)

[node name="pine26" parent="." instance=ExtResource("2_571lw")]
transform = Transform3D(0.99360937, 0.112873726, 0, -0.112873726, 0.99360937, 0, 0, 0, 1, 39.351494, 2.8054829, 23.358582)

[node name="pine27" parent="." instance=ExtResource("2_571lw")]
transform = Transform3D(0.9996985, 0.024554314, 0, -0.024554314, 0.9996985, 0, 0, 0, 1, 34.3582, -7.1843185, -25.2789)

[node name="pine28" parent="." instance=ExtResource("2_571lw")]
transform = Transform3D(0.99706745, -0.07652761, 0, 0.07652761, 0.99706745, 0, 0, 0, 1, 12.488722, 5.9489765, 40.52643)

[node name="pine29" parent="." instance=ExtResource("2_571lw")]
transform = Transform3D(0.9930047, -0.118074685, 0, 0.118074685, 0.9930047, 0, 0, 0, 1, 37.016346, 4.522146, 24.021881)

[node name="pine30" parent="." instance=ExtResource("2_571lw")]
transform = Transform3D(1, 0, 0, 0, 1, 0, 0, 0, 1, 1.7161942, 3.5867615, 38.2724)

[node name="pine31" parent="." instance=ExtResource("2_571lw")]
transform = Transform3D(0.82719827, 0, -0.56191015, 0, 1, 0, 0.56191015, 0, 0.82719827, 12.771662, 0, 27.081665)

[node name="pine32" parent="." instance=ExtResource("2_571lw")]
transform = Transform3D(0.33230934, 0, -0.9431705, 0, 1, 0, 0.9431705, 0, 0.33230934, -8.823107, -3.5281982, 26.862)

[node name="pine33" parent="." instance=ExtResource("2_571lw")]
transform = Transform3D(0.85942316, -0.0016057022, -0.5112624, 0.0013799795, 0.9999987, -0.0008209362, 0.5112631, 0, 0.8594243, 6.698536, -1.0860081, 27.764404)

[node name="pine34" parent="." instance=ExtResource("2_571lw")]
transform = Transform3D(0.99877524, 0.049477328, 0, -0.049477328, 0.99877524, 0, 0, 0, 1, 38.328312, -10.157982, -24.078033)

[node name="pine35" parent="." instance=ExtResource("2_571lw")]
transform = Transform3D(0.99300677, 0.118057355, 0, -0.118057355, 0.99300677, 0, 0, 0, 1, 14.88378, -2.0571327, -14.993195)

[node name="pine36" parent="." instance=ExtResource("2_571lw")]
transform = Transform3D(0.9834452, 0, -0.18120576, 0, 1, 0, 0.18120576, 0, 0.9834452, -15.085819, 2.9589806, 42.666473)

[node name="pine37" parent="." instance=ExtResource("2_571lw")]
transform = Transform3D(0.572189, 0, -0.820122, 0, 1, 0, 0.820122, 0, 0.572189, 3.021824, 2.790535, 43.0679)

[node name="pine38" parent="." instance=ExtResource("2_571lw")]
transform = Transform3D(-0.97332716, 0, -0.22942118, 0, 1, 0, 0.22942118, 0, -0.97332716, -6.7453213, 6.3228035, 43.79843)

[node name="pine39" parent="." instance=ExtResource("2_571lw")]
transform = Transform3D(0.8179289, 0, -0.5753194, 0, 1, 0, 0.5753194, 0, 0.8179289, -17.849545, 7.7362747, 47.094635)

[node name="pine40" parent="." instance=ExtResource("1_fqmxm")]
transform = Transform3D(0.6552288, 0, -0.7554305, 0, 1, 0, 0.7554305, 0, 0.6552288, 16.20453, 1.719223, 39.025604)
